321258621
321174966
321086651
321082921
320766001
320723308
320645488
320601278
320561908
320539836
320529746
319877506
319460358
319322991
319302928
319273066
319254461
319199776
319171686
319163656
319160941
319124686
319124121
319111251
319102876
319063416
319047436
319042511
319008596
318866683
318769191
318752238
318750846
318740581
318729437
318718376
318692456
318658911
318640338
318635511
318621656
318572087
318533347
318524721
318502831
318488121
318324328
318252113
318235963
318232218
318219478
318212327
318155938
318113426
317776702
317746933
317710968
317614616
317611892
317606012
317565321
317556627
317547813
317336031
317273328
317254052
317221342
317193552
317163183
317083182
317058363
317054453
316978623
316973053
316956943
316927907
316914163
316803767
316739293
316656501
316614446
316555813
316516831
316432112
316416788
316401881
316394383
316377773
316368773
316342752
316335853
316328271
316281563
316274623
316225501
316101588
316081957
316054356
316000211
315912356
315899982
315891892
315813776
315768302
315729883
315690592
315661878
315570011
315535227
315510832
315369087
315351063
315328292
315292532
315274722
315255228
315199362
315122342
315103872
315097557
315072562
315058971
314949123
314802981
314739178
314718066
314705821
314688008
314576736
314573396
314525773
314516176
314516006
314502603
314477072
314299637
314283718
314269608
314250938
314216968
314158783
314032213
314018781
313983311
313976047
313954637
313897577
313886866
313865577
313800156
313772956
313764236
313735561
313696286
313690836
313642401
313580316
313542341
313511836
313496786
313471498
313470408
313445603
313396237
313293348
313289481
313285508
313250318
313205408
312973221
312971866
312950201
312879532
312799436
312752641
312751691
312720851
312690178
312682672
312663636
312619621
312604442
312531991
312519853
312455858
312379953
312356092
312320392
312316283
312265687
312259356
312237366
312233681
312232498
312215383
312155516
312133278
312129427
312116788
312041648
312017297
312008587
312002281
311960396
311931217
311921986
311912546
311879316
311872998
311868056
311850571
311824621
311745881
311735511
311733538
311702993
311701208
311680538
311661051
311640258
311639148
311628218
311475083
311470251
311464421
311449211
311441358
311426881
311424283
311392396
311338996
311328343
311317633
311282922
311247968
311245501
311237061
311224466
311221926
311216946
311196051
311194762
311174671
311168966
311155851
311147197
311126931
311121346
311087991
311084161
311048031
311029033
311023767
311022168
311013028
310975708
310914148
310880358
310865266
310844871
310785052
310772686
310687091
310679123
310677713
310676122
310648503
310616708
310608413
310547211
310534581
310521037
310500312
310494591
310409486
310399243
310390033
310379111
310355693
310225851
310191917
310145067
310141836
310127293
310122742
310113882
310098041
310093981
310079826
310062141
310047131
310030328
310027468
310014196
310012831
310001146
309995866
309991826
309971361
309916123
309900622
309891136
309869386
309851383
309842043
309810293
309783037
309742982
309713633
309689493
309666276
309662443
309648483
309647593
309638441
309610772
309590793
309573522
309534782
309509498
309475517
309475127
309471582
309466002
309465058
309455887
309442807
309437797
309374652
309357961
309337767
309242542
309148371
309061133
308991253
308954613
308950197
308944501
308929072
308921363
308877597
308867271
308860837
308840092
308789003
308755207
308752937
308746127
308743388
308708006
308702177
308697627
308680272
308671023
308651326
308609351
308583731
308579872
308570908
308539206
308538192
308538156
308515631
308459232
308457682
308451292
308448946
308443232
308437172
308428886
308410318
308394006
308378192
308342998
308201888
308173488
308157133
308150098
308119598
308109798
308034442
308017062
307972318
307967318
307941438
307879293
307869272
307828563
307820663
307816352
307787853
307782021
307781732
307773133
307768531
307698763
307687707
307682922
307677492
307671682
307669573
307649642
307647453
307638297
307624773
307568987
307565503
307489838
307461517
307444453
307421283
307386098
307384521
307378191
307373561
307236911
307212966
307115701
307036722
307027342
306894051
306877198
306865808
306865198
306860571
306800932
306797517
306751386
306749482
306746106
306741673
306740091
306739003
306686086
306675572
306564748
306544467
306534078
306526372
306513382
306487632
306473816
306452193
306369827
306365076
306332143
306282523
306262377
306175317
306154397
306124867
306073417
306016166
305819446
305730146
305567196
305555511
305548051
305543346
305528878
305468786
305455628
305449466
305416141
305373793
305307573
305255826
305231977
305206761
305204757
305201442
305194468
305163532
305160712
305138342
305094347
305093142
305085513
305006862
304985323
304969268
304958026
304958002
304882343
304853897
304853563
304839216
304836218
304825617
304825333
304808328
304787157
304768787
304756583
304733897
304710817
304687368
304611998
304555223
304494563
304441427
304340937
304314272
304300287
304283981
304282923
304237272
304050381
304007197
303953703
303904912
303867082
303850197
303832322
303802131
303795152
303774688
303772963
303755603
303724317
303698532
303686722
303668852
303657057
303652241
303634541
303611511
303610903
303604046
303598341
303486318
303422356
303363171
303321673
303253968
303249636
303236646
303189903
303172247
303097288
303092407
303066077
303026011
303022466
302987992
302982601
302980668
302972596
302951308
302939482
302938616
302936136
302919386
302912703
302911167
302888817
302888407
302873788
302868887
302842347
302826556
302814557
302766901
302648836
302597071
302586181
302585331
302537941
302522581
302510451
302501661
302499101
302491721
302491111
302461171
302449931
302419427
302404561
302399251
302374801
302359516
302229301
302181982
302155152
302139762
302136106
302070948
302069216
302045142
301938222
301915622
301824052
301745371
301724153
301708691
301679808
301651718
301643511
301633108
301630238
301613826
301609401
301594278
301574488
301559633
301545833
301543826
301528088
301496611
301485871
301479413
301478021
301455498
301430597
301430203
301427713
301414276
301413476
301384473
301379322
301376206
301369077
301351266
301289277
301264283
301255857
301252673
301246313
301238503
301238303
301229517
301225677
301215886
301193947
301178016
301176176
301169096
301167436
301149757
301091251
301061838
301020956
301015117
300922721
300899997
300886278
300885197
300881531
300846247
300842101
300833181
300827518
300820178
300800371
300785201
300784812
300775428
300766821
300748011
300746108
300739898
300739618
300731881
300727291
300725728
300714491
300713371
300698011
300691702
300677466
300664112
300656276
300628926
300623512
300590308
300587831
300541046
300528176
300516303
300509526
300509146
300506676
300498171
300496781
300494786
300490916
300489881
300487186
300480303
300469106
300460312
300458406
300442541
300428746
300423281
300409226
300393206
300392386
300388587
300376292
300374812
300374021
300371656
300370271
300359036
300348946
300348232
300338321
300328266
300322191
300314301
300304341
300300831
300288311
300287071
300286791
300276771
300264078
300250371
300237411
300236713
300226151
300225041
300223231
300222301
300220191
300213688
300213281
300202591
300201501
300185531
300182176
300182142
300180783
300180541
300174732
300174551
300172382
300170851
300167891
300161921
300157862
300157541
300157381
300131398
300125676
300117971
300101288
300101278
300082338
300048678
300038668
300036666
300035878
300030508
300025337
300022193
300021918
300014548
300012556
299997378
299996998
299989346
299988126
299980676
299970143
299962496
299958188
299955656
299949383
299944776
299943423
299936241
299929738
299925246
299915937
299892666
299884646
299874516
299866442
299860026
299856807
299856266
299853226
299846916
299843087
299841546
299840656
299831756
299830866
299829696
299829676
299821082
299806737
299805677
299802927
299799277
299790237
299778962
299773581
299772627
299750541
299743337
299741388
299733011
299729431
299728051
299713987
299713597
299704721
299698331
299694088
299688908
299683711
299676827
299666481
299666398
299665051
299664688
299658601
299650448
299647877
299643391
299640917
299627011
299626421
299624931
299621216
299620578
299612022
299610276
299605111
299601988
299601231
299598561
299596078
299570401
299556546
299549021
299539301
299538608
299532268
299531198
299521408
299521008
299520898
299520868
299514718
299504168
299502298
299500968
299497058
299455786
299449778
299420676
299398906
299390436
299384786
299381576
299353516
299346726
299339256
299335806
299335613
299334477
299334126
299334116
299322006
299317936
299310333
299299686
299293483
299282103
299278026
299273766
299260851
299257996
299246946
299200011
299176121
299163511
299161993
299148101
299138798
299117728
299117388
299104358
299094496
299084618
299072148
299068068
299065248
299061718
299060498
299040317
299026438
299022238
299009878
299003068
299002497
298998258
298994078
298991968
298990228
298988728
298979448
298968098
298966892
298964038
298961232
298936776
298935846
298931102
298928812
298912682
298900127
298896412
298893791
298888402
298887171
298885392
298884272
298872797
298863847
298855162
298838616
298820281
298786493
298764378
298713778
298688313
298681291
298644503
298632048
298628638
298617852
298601313
298587281
298583433
298570881
298566923
298563726
298561303
298556953
298552063
298546802
298544383
298543363
298531733
298522583
298522221
298520093
298512931
298505093
298502323
298500233
298485822
298479331
298464786
298463071
298458968
298457758
298442971
298438651
298433676
298428181
298427711
298426991
298422251
298421928
298416121
298415021
298407427
298394811
298384568
298377501
298363536
298354631
298275323
298274057
298273502
298269822
298266722
298257362
298251648
298224266
298223557
298210677
298209117
298185633
298184956
298182117
298175722
298169467
298166531
298163873
298159203
298156922
298153028
298152527
298149337
298140647
298133736
298124337
298120787
298110072
298105722
298104223
298099427
298098413
298096567
298093873
298093787
298092686
298085087
298084903
298084653
298083357
298079843
298074862
298070621
298067696
298064726
298058693
298052341
298048693
298048553
298047083
298044818
298043338
298042593
298040383
298039518
298037252
298026576
298026223
298010931
298010308
298009193
297991533
297990068
297985281
297968531
297961768
297961366
297959036
297958608
297955006
297952738
297949548
297936368
297932448
297923128
297921508
297918226
297909418
297899416
297897186
297893781
297893656
297890608
297889638
297888208
297879556
297866378
297865811
297862476
297858868
297853181
297851748
297850751
297848718
297848048
297842968
297838438
297821131
297820118
297811061
297807391
297806458
297806451
297789961
297785311
297780823
297766411
297764931
297759567
297757401
297712997
297705301
297701743
297679707
297678057
297674181
297670603
297669537
297662817
297657822
297652203
297646903
297644503
297626233
297623327
297623147
297606207
297600677
297599253
297599243
297593396
297591123
297591033
297584316
297582667
297582363
297576173
297574497
297568492
297567462
297566803
297539783
297538703
297537627
297537223
297529353
297526797
297524393
297522927
297520113
297514837
297511676
297504973
297502843
297501263
297499893
297496017
297494093
297493132
297491978
297491887
297490186
297486157
297483123
297478667
297478478
297478416
297478072
297474997
297473392
297464673
297463507
297456633
297455207
297451436
297446936
297445482
297434482
297426972
297425177
297422926
297420418
297418873
297412846
297406938
297406136
297395316
297392822
297389352
297376516
297370936
297370418
297365102
297364142
297362346
297351618
297350291
297346686
297343648
297334548
297324261
297322801
297313998
297311031
297305578
297300636
297299521
297294217
297291208
297286441
297285096
297281158
297279241
297278651
297277601
297273941
297272611
297271121
297262591
297242528
297240071
297233921
297232706
297232691
297231921
297231626
297223701
297219406
297219296
297217641
297215452
297214941
297211961
297211546
297208501
297208441
297207288
297206862
297204921
297200341
297196782
297190461
297190088
297188911
297188031
297187983
297182731
297168096
297134782
297130297
297125157
297122632
297088927
297084757
297068512
297056833
297055377
297052657
297052517
297039987
297038547
297036937
297032017
297030982
297018807
297017006
297002572
296993752
296991792
296991732
296990952
296988257
296981732
296978547
296972747
296965027
296961387
296961337
296959087
296957622
296953167
296942687
296940557
296937197
296936937
296931882
296931687
296926792
296923467
296910897
296909842
296902812
296901272
296885802
296885442
296883502
296881927
296880832
296878822
296878252
296868957
296867172
296863642
296862702
296854622
296853728
296842562
296837066
296835466
296830578
296811548
296806157
296784776
296777401
296775296
296771788
296767821
296761548
296746066
296745923
296741998
296740186
296739538
296737088
296725408
296720452
296717546
296716446
296707971
296707086
296703848
296695976
296690968
296690848
296690158
296687768
296682878
296681308
296680398
296674966
296668538
296668258
296664456
296661788
296659358
296655688
296652066
296649008
296648068
296644658
296640418
296638788
296636536
296633907
296633196
296631567
296630811
296624551
296624381
296623678
296613676
296607806
296602111
296601051
296600406
296598086
296596921
296596487
296594081
296591956
296590536
296587566
296583711
296576966
296575341
296569986
296568726
296559496
296558201
296546241
296545041
296540326
296533388
296528752
296526451
296518411
296508741
296507451
296502438
296499511
296498643
296495531
296493412
296483571
296478622
296468003
296456732
296437922
296427037
296423128
296414552
296413252
296411122
296406593
296400942
296389842
296383352
296359688
296352843
296345348
296333513
296320678
296320338
296319008
296313738
296313632
296305686
296301593
296300483
296298453
296298348
296277618
296274846
296269698
296268293
296259743
296259706
296259178
296257718
296255583
296253277
296244868
296244148
296242323
296226138
296210318
296199908
296199888
296199788
296198768
296192038
296190558
296180868
296175966
296166782
296164676
296161728
296159728
296158288
296149018
296142726
296135916
296125726
296121286
296118816
296111836
296110466
296080371
296073147
296072626
296071376
296067268
296051086
296049756
296045681
296043896
296043823
296043538
296037116
296034126
296028106
296028016
296027056
296021116
296009861
296006736
295998331
295996801
295992091
295991738
295990986
295974131
295971156
295962156
295961946
295951888
295947531
295941508
295940253
295933531
295930437
295929811
295925041
295921761
295918673
295912907
295910298
295909947
295908401
295888231
295880701
295875983
295874142
295874031
295873541
295871561
295869957
295866381
295861731
295861247
295860828
295859721
295857261
295857021
295855807
295855331
295855071
295848828
295848681
295848521
295847707
295847327
295847091
295839051
295838851
295836941
295829091
295824903
295823917
295823787
295822287
295819437
295818287
295817436
295814491
295813093
295812712
295806781
295805433
295794127
295792346
295785598
295785568
295776117
295774168
295770323
295767793
295767267
295766316
295754548
295751687
295750323
295744623
295733428
295727798
295727188
295725773
295723418
295721453
295717398
295710363
295696756
295692268
295684183
295680908
295672388
295664058
295661778
295654922
295649358
295645443
295636743
295636003
295634226
295629386
295628893
295628861
295623073
295618236
295617833
295616253
295604506
295599117
295593646
295589626
295588616
295580006
295567296
295556286
295556256
295553476
295553096
295551836
295546146
295544346
295534936
295534251
295525957
295517796
295513916
295511756
295508817
295505301
295501566
295501156
295499716
295496136
295460983
295460206
295458816
295453648
295439843
295439592
295436508
295435417
295431532
295431252
295429362
295427872
295419503
295413943
295410167
295404127
295403962
295399697
295397427
295397078
295392767
295391702
295388688
295368502
295364362
295360746
295360207
295350662
295344078
295343907
295338277
295335066
295332297
295330998
295328158
295322992
295319906
295314472
295313402
295312917
295312672
295311447
295308077
295307998
295296057
295288423
295278342
295277128
295245297
295243331
295240916
295240276
295234153
295233947
295233536
295229417
295226187
295220543
295208777
295207011
295202477
295195367
295193751
295172463
295165843
295153853
295150153
295121853
295116492
295115957
295113903
295096183
295089223
295088658
295083793
295080633
295063143
295062573
295057683
295056153
295040953
295037636
295037213
295030353
295027661
295016501
295015776
295012126
295009946
294999983
294999276
294987237
294984078
294968058
294954221
294938411
294931937
294931861
294923082
294914772
294911061
294897961
294894802
294891582
294848972
294847772
294836987
294827907
294825092
294822901
294820728
294808511
294805217
294798017
294797677
294797433
294795057
294793928
294793321
294789472
294784632
294783436
294780312
294776702
294775466
294772986
294766666
294762986
294759917
294758741
294757346
294755396
294753492
294752982
294752716
294748102
294747242
294744867
294742587
294736452
294736398
294734902
294730152
294723747
294722892
294721566
294716452
294716166
294715983
294713377
294712916
294710566
294706708
294697806
294696377
294695807
294694578
294693007
294690597
294684917
294683816
294682926
294682786
294681626
294680746
294677336
294676117
294675668
294673886
294671843
294671837
294671126
294665326
294662017
294657498
294656768
294655473
294650637
294644593
294641887
294640337
294633756
294628788
294614598
294612573
294608208
294599668
294599053
294593708
294592423
294578976
294576463
294570411
294563533
294562351
294561523
294558153
294555671
294549943
294543641
294542221
294541893
294536503
294536493
294535741
294534043
294533731
294530951
294529191
294526753
294525361
294523413
294521763
294520411
294516598
294510683
294507753
294505633
294503813
294502621
294500543
294498263
294498036
294494893
294490468
294489173
294487171
294484521
294482296
294472136
294465456
294460946
294456567
294456566
294456058
294454896
294451956
294450711
294450386
294447448
294446651
294444831
294439911
294439037
294437486
294436641
294436142
294433442
294430986
294430426
294418391
294413418
294413231
294408678
294404858
294404121
294402986
294398717
294393796
294391577
294389186
294388196
294386506
294381016
294380152
294373776
294373336
294368717
294368642
294367686
294366143
294365426
294361508
294361488
294359788
294359248
294358166
294330492
294327488
294325048
294307858
294295778
294294971
294294467
294267868
294267348
294264143
294262208
294262177
294260898
294257868
294255218
294251992
294251307
294251172
294251016
294245413
294239258
294239161
294233572
294232158
294230528
294230362
294221922
294218847
294216962
294216476
294214792
294212312
294207862
294206637
294206296
294200176
294199036
294193017
294192208
294190157
294189192
294188636
294186122
294184252
294179936
294174147
294162446
294158092
294157426
294155577
294152623
294151791
294148331
294145297
294143222
294143027
294141381
294140502
294136422
294135547
294134437
294130982
294130962
294130952
294130507
294128227
294126473
294126007
294125777
294123502
294122323
294120947
294119752
294117303
294116638
294113942
294112182
294109753
294108497
294108326
294108137
294102057
294099033
294098316
294094828
294090597
294090177
294085077
294082327
294081497
294073318
294072821
294067626
294066303
294061346
294058641
294054278
294048253
294041946
294039411
294036346
294035616
294034796
294033471
294030826
294030823
294029981
294023376
294022961
294021966
294020473
294018866
294013603
294012233
294011681
294010132
294007323
294007141
294005056
294003253
294000001
293992591
293990692
293989081
293985993
293984261
293984203
293980881
293976273
293974153
293972353
293968182
293963103
293958378
293956418
293947557
293940753
293933118
293924038
293923908
293919108
293911732
293910178
293908566
293896537
293895522
293887858
293876548
293873296
293867018
293861622
293857378
293843078
293838198
293828768
293824168
293818611
293807832
293797888
293797067
293792878
293790038
293789057
293779028
293778933
293775263
293774621
293770267
293768827
293764756
293762302
293755433
293754107
293748622
293732923
293725002
293724626
293715473
293711198
293706877
293704142
293700957
293694931
293691177
293690132
293686852
293685717
293684932
293684072
293683647
293678216
293676092
293667857
293665556
293665102
293664302
293663856
293657716
293652796
293647661
293647467
293645122
293639522
293639082
293636617
293635996
293629706
293627056
293626571
293625531
293623071
293613948
293613857
293613351
293613141
293611176
293610872
293610511
293609827
293608542
293607752
293607652
293604531
293604341
293599936
293599452
293598381
293598157
293597172
293596702
293595832
293593367
293593072
293591137
293591131
293590362
293588016
293577747
293574966
293573706
293572826
293572512
293571881
293567521
293567232
293565191
293564552
293562386
293557611
293553282
293545951
293545456
293543311
293543016
293541048
293538801
293536731
293531526
293525981
293522981
293515031
293513211
293489531
293479311
293477241
293475441
293469948
293469031
293455528
293453531
293437928
293431398
293423268
293422938
293420193
293417393
293415998
293410728
293402483
293395378
293382056
293376678
293374276
293363268
293362908
293358158
293355786
293346558
293342551
293333708
293328198
293326278
293325991
293324078
293319808
293315387
293302536
293301798
293301518
293301088
293296486
293296052
293295258
293290091
293285948
293285788
293259502
293255652
293246486
293245411
293233646
293228856
293221403
293194096
293181042
293177132
293170356
293164376
293163346
293158842
293155716
293154246
293153326
293151336
293151018
293148146
293147231
293143296
293141931
293141912
293138272
293138166
293137892
293137856
293134531
293133656
293132742
293132016
293130116
293128216
293126246
293119198
293115996
293112211
293111106
293108446
293104902
293102496
293101822
293100068
293099811
293098862
293098706
293097656
293096878
293094856
293094742
293093233
293092746
293091406
293084983
293084726
293082012
293079661
293076111
293073946
293072522
293070531
293070172
293068906
293062111
293061422
293060773
293058982
293050587
293047282
293047121
293046818
293041472
293040373
293036791
293036302
293036151
293035971
293032111
293031291
293026321
293024962
293023118
293022842
293021461
293019721
293019673
293012623
293008572
293007403
293006882
293003701
293000528
292995163
292993867
292992001
292989963
292988331
292987981
292987212
292987031
292986113
292984511
292984001
292983251
292976201
292975716
292971671
292966121
292964263
292963683
292957281
292955593
292942018
292938138
292936363
292934228
292928998
292928788
292923573
292909278
292898928
292893177
292878446
292869401
292865848
292861887
292860918
292853778
292849176
292845958
292840318
292839878
292837392
292833978
292833418
292832661
292831218
292825821
292814117
292796378
292794478
292793978
292790778
292788351
292787928
292786918
292786088
292782418
292775017
292774593
292770061
292769628
292766898
292761533
292754401
292750481
292744213
292731392
292725763
292716883
292700217
292692292
292667623
292661673
292660548
292654383
292653852
292652013
292635503
292633783
292629953
292620713
292614463
292596876
292596667
292578088
292574883
292574483
292572363
292571583
292563363
292562043
292559633
292556463
292549497
292546078
292535227
292531327
292528667
292510957
292498098
292492382
292489737
292486912
292486797
292486377
292486111
292471347
292448887
292445307
292439787
292438907
292438087
292426467
292425367
292421197
292417607
292414517
292409237
292395133
292392577
292374403
292363662
292326807
292314013
292293262
292282723
292261743
292258602
292246392
292242252
292240252
292236133
292227703
292225993
292215343
292201463
292199243
292198013
292192037
292175693
292172643
292171163
292170233
292169327
292157393
292150457
292148717
292146567
292146187
292140143
292139903
292139597
292137723
292113682
292096997
292091667
292081317
292079976
292052627
292028677
292016197
291996102
291992397
291989077
291973922
291972692
291969897
291966052
291963993
291961667
291931682
291929373
291905622
291901451
291896843
291884232
291869822
291868623
291864423
291854292
291837873
291828992
291825173
291817407
291811562
291807762
291799673
291768543
291758592
291756637
291755128
291721402
291702513
291685223
291677067
291672942
291661917
291646492
291646273
291645002
291642246
291639907
291634061
291628857
291623767
291621447
291618703
291617592
291615653
291585603
291585547
291582802
291582163
291579573
291577993
291575613
291574097
291570517
291565627
291564547
291554777
291552003
291538412
291525987
291519462
291516987
291516317
291511927
291511202
291505443
291503283
291489853
291488987
291488477
291481613
291479617
291479043
291477587
291465433
291434232
291432683
291432002
291430892
291418422
291401422
291396902
291383352
291370813
291301797
291246887
291231962
291220212
291183756
291151697
291148077
291147767
291131563
291129497
291127287
291122477
291121753
291107397
291105527
291105147
291104431
291102717
291102427
291101677
291100307
291096973
291094563
291092147
291087167
291066837
291064422
291063743
291061043
291056807
291052852
291051157
291050377
291046532
291040047
291039027
291033177
291032623
291032043
291029722
291027797
291026053
291023671
291020243
291017093
291015572
291011293
291010772
291008253
291008223
291006293
291006222
291005013
291004963
291004673
291003723
291002392
290998322
290993282
290991043
290990523
290989863
290987957
290984863
290984367
290978257
290977353
290975893
290973053
290969452
290965173
290964113
290959963
290953273
290945642
290942592
290940162
290939673
290938883
290931692
290930363
290929692
290911402
290910692
290908492
290890162
290888392
290885932
290874812
290872163
290823023
290812916
290809603
290805893
290787118
290778287
290778243
290752141
290722263
290717857
290716037
290706697
290698247
290697247
290696323
290691957
290688717
290678977
290677177
290668547
290665283
290650282
290639352
290637927
290624057
290620957
290618267
290615437
290608697
290605737
290593097
290592742
290587117
290586337
290581332
290572267
290564677
290564257
290559782
290557517
290552927
290547547
290544622
290543697
290543392
290530402
290523842
290519597
290518832
290516622
290515002
290513837
290512187
290510437
290508452
290507892
290505237
290502902
290501752
290501587
290487577
290483167
290444332
290424832
290412662
290407642
290403082
290401072
290398602
290395952
290388848
290388522
290382622
290378022
290356618
290356507
290353542
290305457
290298157
290290431
290273432
290249737
290236502
290224172
290200817
290183817
290158652
290119971
290093583
290090292
290073092
290051513
290041462
290040552
290038932
290038332
290027882
290016502
290008493
290007292
289992366
289991272
289990742
289985202
289984042
289982552
289981782
289981212
289981052
289980382
289978882
289969342
289945022
289940352
289938332
289936332
289924342
289918242
289894482
289894078
289890682
289889722
289886688
289832182
289602998
289601263
289583646
289431891
289364867
289338593
289338587
289293726
289266803
289192442
289044572
288934648
288911796
288855781
288841441
288838436
288711807
288629793
288622593
288504812
288500176
288497966
288455361
288420138
288391448
288294108
288292218
288292178
288187362
288187163
288112981
288088646
288073786
288053111
287998341
287971157
287880478
287554281
287510922
287509367
287495377
287481296
287431217
287394608
287347878
287327672
287323116
287320813
287271656
287187857
287137077
287133911
287122611
287110767
287078991
287001873
286904602
286852858
286794287
286497557
286423077
286400557
286121897
286072857
286055787
286000101
285969133
285966807
285910376
285874688
285854332
285640246
285580523
285566363
285540471
285152321
285114333
285101188
285091432
285003408
284994251
284993698
284808396
284776671
284757428
284702958
284668238
284642928
284604113
284531298
284524951
284402767
284332836
284293166
284228816
284227431
284174358
284161506
284048916
284017998
283914871
283871926
283843521
283679426
283608608
283604708
283584628
283540241
283534542
283390458
283330361
283328807
283312778
283307931
283306017
283301257
283261586
283110513
283034243
283028266
283008121
282988371
282984677
282973901
282908622
282901502
282876258
282857098
282840462
282811272
282650873
282633666
282633276
282614813
282602866
282602856
282581363
282572251
282565896
282532377
282519271
282518746
282436612
282371758
282359486
282208836
282183926
282150662
282134303
282094892
282063646
282045696
282030633
282028993
281969592
281955477
281862968
281835667
281831153
281723616
281680811
281678137
281652241
281646731
281628006
281620177
281616071
281590851
281577171
281575076
281570451
281553386
281534032
281482072
281482007
281338228
281236868
281219511
281196717
281177972
281163896
281156937
281144276
281109786
281106051
281080952
281029526
281026332
281011543
280990226
280977386
280820508
280733478
280730098
280727373
280705128
280669777
280631633
280626957
280589231
280577867
280575813
280509007
280406428
280405708
280375003
280280882
280244243
280225358
280213747
280208057
280170927
280146683
280120337
280106666
280078163
280077661
280061787
280051597
280045191
280038296
279998772
279977896
279976406
279810203
279792778
279773008
279764516
279759478
279732278
279727818
279689661
279687201
279675983
279642831
279639901
279613093
279610937
279603843
279601241
279598423
279595696
279584486
279582406
279562666
279562568
279559416
279557593
279540437
279506706
279470868
279401722
279387176
279380723
279341611
279338212
279247761
279230651
279230031
279225736
279187933
279156367
279149377
279142423
279126507
279105717
279046683
279016026
278994567
278924112
278902798
278877978
278815671
278814202
278758273
278705467
278661776
278649187
278636467
278566906
278545187
278520427
278449482
278264897
278124517
278068162
278031436
277796453
277787713
277761643
277693113
277624047
277485162
277463882
277393177
277371992
277316523
277316082
277312112
277298543
277295407
277268572
277267822
277233543
277205393
277162343
277154543
277124193
277119427
277073782
277057882
277045778
276941411
276907482
276853032
276757477
276702827
276695987
276690707
276684507
276661977
276638677
276619107
276603492
276594057
276589957
276531197
276499282
276469412
276436702
276433182
276433172
276312033
276183527
276182452
276129047
275981447
274961003
274960973
274943018
273774492
273589197
273234752
271157816
270771477
270383441
269813128
269342892
269089437
267831358
255879091
253079271
247723206
247388731
243677193
240945252
238943018
235111836
234719996
234020256
233875561
233725536
233399273
232002767
230974698
224077678
219333012
215113051
214301121
213085137
212413466
212397971
212385566
211839018
211603333
211592893
210949577
210777918
208392447
208382016
203912107
202722227
201727936
198018621
197122832
195079781
172303813
165299703
163968496
158135223
158115413
156468377
155877856
153724223
